74.383
78.679
76.31
82.486
85.315
87.358
90.397
96.681
97.172
88.997
89.161
89.977
98.276
102.901
108.18
113.614
114.122
117.293
111.661
107.037
116.347
121.751
125.618
126.923
130.491
137.15
150.216
152.673
164.064
144.961
137.725
127.029
135.729
126.741
110.015
117.092
121.291
114.672
93.04
85.697
95.504
86.782
83.795
92.119
107.763
134.357
136.305
146.447
148.228
160.963
157.274
171.605
174.831
173.706
175.908
183.948
188.138
187.067
195.267
204.085
209.723
221.697
224.418
221.364
220.961
204.635
204.657
213.66
214.61
214.327
217.426
217.9
205.862
